512 1024
1 2 20
1 3 36
1 4 50
1 5 43
1 6 16
1 7 11
2 3 8
2 4 50
2 5 25
2 6 35
2 7 47
2 8 23
3 4 44
3 5 25
3 6 41
3 7 45
3 8 38
4 5 3
4 6 23
5 6 24
5 7 9
6 7 42
6 8 48
7 8 49
7 9 20
7 10 44
8 9 4
8 10 25
8 11 36
9 10 21
9 11 32
10 11 27
10 12 47
10 13 39
10 14 10
11 12 46
11 13 27
12 13 34
12 14 36
12 15 48
13 14 50
13 15 41
13 16 34
13 17 31
14 15 13
14 16 25
14 17 30
14 18 32
15 16 4
15 17 35
15 18 33
15 19 43
16 17 36
16 18 48
17 18 37
17 19 46
18 19 30
18 20 26
18 21 24
18 22 3
18 23 44
18 24 16
19 20 13
19 21 12
19 22 25
19 23 37
19 24 28
20 21 2
20 22 5
21 22 37
21 23 27
22 23 15
22 24 20
22 25 30
22 26 36
23 24 22
23 25 34
24 25 44
24 26 4
24 27 11
24 28 35
24 29 27
25 26 5
25 27 18
25 28 26
25 29 43
25 30 48
25 31 48
26 27 1
26 28 46
26 29 15
26 30 49
27 28 46
27 29 10
27 30 20
27 31 32
27 32 5
27 33 45
28 29 35
28 30 40
28 31 33
28 32 5
29 30 19
29 31 6
29 32 26
29 33 31
30 31 9
30 32 41
30 33 22
30 34 26
31 32 47
31 33 47
32 33 12
32 34 36
32 35 3
32 36 27
33 34 25
33 35 29
33 36 13
33 37 18
34 35 19
34 36 2
34 37 6
35 36 24
35 37 42
35 38 17
35 39 5
35 40 27
35 41 42
36 37 35
36 38 25
37 38 43
37 39 19
37 40 26
37 41 29
37 42 41
37 43 36
38 39 3
38 40 50
39 40 36
39 41 20
39 42 27
39 43 22
39 44 27
39 45 13
40 41 12
40 42 44
41 42 27
41 43 37
42 43 5
42 44 39
42 45 19
42 46 41
42 47 27
43 44 9
43 45 26
43 46 24
43 47 21
43 48 21
44 45 39
44 46 46
44 47 17
44 48 13
44 49 17
45 46 33
45 47 40
45 48 21
45 49 41
45 50 7
45 51 50
46 47 20
46 48 13
46 49 18
46 50 23
47 48 23
47 49 8
48 49 8
48 50 36
48 51 22
49 50 50
49 51 43
49 52 20
49 53 18
49 54 36
50 51 42
50 52 24
50 53 36
50 54 13
50 55 10
51 52 26
51 53 44
52 53 11
52 54 37
52 55 47
52 56 7
53 54 47
53 55 42
53 56 26
53 57 31
54 55 32
54 56 34
54 57 19
55 56 19
55 57 41
55 58 22
55 59 20
55 60 30
56 57 46
56 58 35
56 59 27
56 60 22
56 61 39
57 58 49
57 59 32
58 59 46
58 60 6
58 61 22
58 62 13
59 60 14
59 61 50
59 62 33
60 61 4
60 62 22
60 63 24
60 64 26
60 65 38
60 66 45
61 62 7
61 63 9
61 64 38
61 65 26
61 66 29
62 63 2
62 64 44
62 65 27
63 64 12
63 65 29
63 66 39
63 67 4
63 68 11
64 65 5
64 66 25
64 67 31
64 68 36
64 69 46
64 70 27
65 66 7
65 67 18
65 68 27
65 69 30
66 67 28
66 68 20
66 69 20
66 70 30
66 71 44
66 72 24
67 68 29
67 69 1
67 70 46
67 71 38
68 69 25
68 70 34
68 71 22
69 70 41
69 71 6
69 72 21
69 73 5
70 71 31
70 72 23
70 73 32
71 72 10
71 73 34
72 73 42
72 74 17
72 75 46
72 76 12
73 74 8
73 75 31
74 75 38
74 76 6
75 76 48
75 77 38
75 78 22
75 79 10
76 77 4
76 78 10
77 78 8
77 79 8
77 80 35
77 81 36
77 82 45
78 79 30
78 80 40
78 81 37
78 82 27
78 83 37
79 80 47
79 81 42
80 81 33
80 82 3
81 82 33
81 83 49
82 83 38
82 84 28
83 84 44
83 85 29
84 85 29
84 86 19
84 87 43
84 88 38
84 89 40
84 90 32
85 86 22
85 87 21
85 88 30
86 87 7
86 88 42
86 89 32
87 88 35
87 89 35
87 90 17
87 91 2
87 92 5
87 93 28
88 89 29
88 90 27
88 91 39
89 90 48
89 91 34
89 92 26
90 91 45
90 92 9
90 93 4
91 92 31
91 93 13
91 94 19
91 95 1
92 93 3
92 94 38
92 95 36
92 96 10
93 94 12
93 95 31
93 96 31
93 97 31
94 95 14
94 96 15
94 97 48
94 98 36
94 99 9
94 100 5
95 96 8
95 97 4
95 98 32
95 99 50
96 97 42
96 98 37
96 99 26
96 100 36
96 101 44
97 98 11
97 99 9
97 100 3
98 99 11
98 100 46
98 101 4
98 102 30
99 100 1
99 101 42
100 101 4
100 102 8
100 103 26
101 102 47
101 103 33
101 104 4
101 105 40
102 103 14
102 104 24
102 105 9
103 104 33
103 105 6
103 106 42
103 107 47
104 105 36
104 106 47
104 107 31
104 108 22
105 106 3
105 107 33
105 108 46
106 107 20
106 108 36
106 109 33
106 110 10
106 111 30
107 108 50
107 109 3
107 110 4
107 111 42
107 112 16
108 109 25
108 110 25
108 111 6
108 112 35
109 110 35
109 111 15
110 111 29
110 112 30
110 113 9
111 112 41
111 113 1
111 114 38
111 115 17
111 116 3
112 113 38
112 114 5
113 114 40
113 115 50
113 116 18
113 117 36
113 118 7
114 115 12
114 116 6
114 117 47
114 118 50
114 119 48
115 116 4
115 117 29
115 118 13
115 119 20
115 120 34
116 117 37
116 118 49
116 119 33
116 120 31
117 118 15
117 119 23
117 120 10
117 121 4
117 122 21
117 123 24
118 119 38
118 120 48
118 121 39
119 120 40
119 121 25
119 122 2
120 121 32
120 122 6
120 123 5
120 124 24
121 122 27
121 123 40
121 124 26
122 123 34
122 124 2
122 125 50
122 126 1
122 127 36
122 128 14
123 124 22
123 125 47
123 126 30
123 127 9
124 125 31
124 126 23
124 127 12
124 128 35
125 126 24
125 127 12
125 128 38
125 129 23
126 127 23
126 128 7
127 128 33
127 129 44
127 130 9
127 131 41
127 132 24
128 129 44
128 130 4
128 131 44
128 132 20
128 133 43
129 130 36
129 131 13
130 131 22
130 132 26
130 133 28
130 134 17
130 135 40
130 136 49
131 132 5
131 133 49
131 134 17
132 133 14
132 134 39
132 135 8
132 136 33
132 137 44
132 138 40
133 134 37
133 135 23
133 136 1
133 137 49
134 135 17
134 136 39
134 137 45
134 138 4
135 136 13
135 137 10
135 138 27
135 139 49
135 140 34
136 137 30
136 138 3
136 139 37
136 140 45
136 141 10
136 142 23
137 138 12
137 139 35
138 139 15
138 140 44
139 140 16
139 141 9
140 141 3
140 142 20
141 142 12
141 143 44
141 144 49
142 143 12
142 144 36
143 144 36
143 145 2
143 146 34
143 147 43
143 148 34
144 145 47
144 146 48
144 147 43
144 148 8
144 149 12
144 150 28
145 146 33
145 147 30
146 147 23
146 148 5
146 149 22
146 150 8
146 151 50
146 152 26
147 148 9
147 149 12
148 149 49
148 150 36
149 150 33
149 151 20
149 152 42
149 153 41
149 154 28
150 151 43
150 152 29
150 153 20
150 154 34
150 155 3
150 156 15
151 152 46
151 153 22
151 154 30
151 155 28
151 156 43
152 153 22
152 154 33
153 154 20
153 155 25
153 156 3
153 157 41
154 155 24
154 156 37
154 157 11
154 158 38
154 159 3
155 156 30
155 157 46
155 158 27
156 157 29
156 158 31
157 158 24
157 159 13
157 160 11
157 161 39
157 162 24
158 159 22
158 160 8
158 161 25
158 162 10
159 160 1
159 161 21
159 162 8
159 163 17
159 164 6
160 161 11
160 162 41
160 163 50
160 164 47
160 165 45
160 166 28
161 162 11
161 163 13
162 163 26
162 164 49
162 165 34
162 166 3
163 164 1
163 165 29
163 166 1
163 167 37
163 168 28
164 165 9
164 166 6
164 167 25
165 166 35
165 167 32
165 168 14
165 169 36
165 170 26
166 167 19
166 168 48
166 169 45
167 168 41
167 169 7
167 170 45
167 171 39
168 169 34
168 170 40
168 171 50
168 172 35
169 170 19
169 171 45
169 172 15
170 171 44
170 172 12
170 173 47
170 174 10
170 175 27
170 176 50
171 172 44
171 173 40
172 173 7
172 174 37
172 175 39
172 176 3
173 174 50
173 175 14
173 176 31
173 177 21
173 178 2
174 175 12
174 176 48
174 177 28
174 178 50
174 179 47
175 176 12
175 177 3
175 178 17
175 179 10
175 180 48
176 177 50
176 178 36
176 179 23
176 180 36
176 181 28
176 182 26
177 178 27
177 179 6
177 180 50
177 181 29
177 182 14
178 179 36
178 180 38
178 181 50
178 182 7
178 183 42
178 184 28
179 180 39
179 181 4
179 182 1
179 183 50
180 181 17
180 182 22
180 183 44
180 184 47
180 185 5
180 186 40
181 182 20
181 183 50
181 184 45
182 183 31
182 184 15
183 184 7
183 185 8
183 186 41
184 185 19
184 186 9
184 187 13
184 188 1
185 186 44
185 187 11
185 188 29
185 189 42
185 190 41
185 191 38
186 187 22
186 188 12
186 189 12
186 190 31
187 188 38
187 189 46
187 190 48
187 191 20
187 192 24
187 193 46
188 189 33
188 190 12
188 191 33
189 190 35
189 191 31
189 192 32
189 193 38
189 194 40
190 191 7
190 192 50
190 193 34
190 194 9
190 195 34
190 196 46
191 192 49
191 193 20
191 194 12
191 195 38
192 193 46
192 194 19
192 195 20
192 196 6
192 197 4
193 194 2
193 195 47
193 196 33
194 195 9
194 196 29
194 197 14
194 198 46
194 199 2
195 196 25
195 197 20
195 198 25
196 197 27
196 198 15
196 199 34
196 200 3
197 198 12
197 199 31
197 200 2
198 199 13
198 200 10
198 201 50
198 202 46
198 203 16
198 204 1
199 200 30
199 201 14
199 202 20
200 201 20
200 202 19
201 202 50
201 203 20
202 203 39
202 204 19
202 205 24
202 206 21
203 204 14
203 205 11
203 206 48
203 207 5
203 208 11
204 205 7
204 206 38
204 207 44
204 208 2
204 209 21
205 206 12
205 207 42
205 208 43
205 209 33
205 210 10
206 207 23
206 208 29
206 209 2
206 210 18
206 211 3
206 212 41
207 208 41
207 209 11
207 210 17
207 211 5
207 212 35
207 213 37
208 209 7
208 210 22
208 211 19
208 212 47
208 213 50
208 214 31
209 210 30
209 211 29
210 211 43
210 212 14
210 213 16
210 214 17
211 212 23
211 213 13
211 214 9
212 213 22
212 214 17
213 214 10
213 215 20
213 216 8
213 217 40
213 218 32
213 219 44
214 215 15
214 216 9
215 216 41
215 217 1
216 217 47
216 218 18
216 219 30
216 220 35
217 218 19
217 219 8
218 219 15
218 220 40
219 220 4
219 221 45
220 221 44
220 222 26
220 223 31
220 224 18
221 222 7
221 223 46
222 223 9
222 224 24
222 225 18
223 224 24
223 225 22
223 226 11
223 227 13
223 228 15
224 225 31
224 226 48
224 227 47
225 226 34
225 227 34
226 227 13
226 228 7
226 229 42
226 230 33
226 231 11
226 232 35
227 228 7
227 229 45
227 230 28
227 231 4
227 232 26
227 233 9
228 229 28
228 230 16
228 231 45
228 232 28
228 233 6
228 234 21
229 230 33
229 231 30
230 231 34
230 232 15
231 232 46
231 233 26
232 233 50
232 234 18
232 235 28
232 236 49
232 237 15
233 234 42
233 235 43
233 236 33
233 237 29
233 238 24
233 239 23
234 235 20
234 236 25
235 236 43
235 237 6
235 238 22
235 239 48
235 240 38
236 237 43
236 238 4
236 239 7
237 238 30
237 239 4
237 240 38
237 241 48
237 242 7
237 243 16
238 239 38
238 240 41
239 240 33
239 241 29
239 242 46
239 243 36
239 244 11
240 241 1
240 242 15
240 243 36
241 242 8
241 243 42
242 243 50
242 244 7
242 245 46
242 246 3
243 244 49
243 245 22
243 246 15
243 247 31
244 245 43
244 246 27
244 247 23
244 248 1
245 246 32
245 247 39
245 248 11
246 247 5
246 248 20
247 248 40
247 249 4
247 250 13
248 249 43
248 250 45
248 251 8
248 252 8
248 253 11
249 250 46
249 251 17
250 251 1
250 252 21
250 253 44
250 254 46
251 252 33
251 253 15
251 254 14
251 255 35
251 256 41
252 253 21
252 254 41
253 254 17
253 255 26
253 256 20
253 257 11
253 258 48
254 255 44
254 256 21
255 256 34
255 257 11
256 257 21
256 258 26
256 259 45
256 260 17
256 261 42
256 262 27
257 258 8
257 259 39
257 260 3
258 259 3
258 260 10
259 260 9
259 261 27
259 262 8
259 263 6
259 264 39
260 261 11
260 262 16
261 262 45
261 263 20
262 263 23
262 264 31
262 265 7
262 266 4
263 264 46
263 265 36
263 266 27
263 267 46
263 268 15
263 269 43
264 265 1
264 266 9
264 267 43
264 268 32
264 269 15
265 266 46
265 267 28
265 268 29
266 267 2
266 268 22
267 268 20
267 269 11
267 270 24
267 271 7
267 272 15
268 269 30
268 270 41
268 271 7
269 270 10
269 271 50